v -185.897858 0.082961 -151.263489
v -185.897858 -6.238132 -151.263489
v -185.897858 0.082961 179.225403
v -185.897858 -6.238132 179.225403
v 144.456848 0.082961 -151.263489
v 144.456848 -6.238132 -151.263489
v 144.456848 0.082961 179.225403
v 144.456848 -6.238132 179.225403
v 1.000000 1.000000 1.000000
v 1.000000 -43.944958 1.000000
v 1.000000 1.000000 -1.000000
v 1.000000 -43.944958 -1.000000
v -18.475615 -4.170959 37.209335
v -18.475615 -49.115913 37.209335
v -18.475615 -4.170959 35.209335
v -18.475615 -49.115913 35.209335
v -26.804985 -246.572357 -42.149578
v -26.804985 -234.277390 -82.679321
v -26.804985 -214.312698 -120.031723
v -26.804985 -187.443878 -152.771393
v -26.804985 -154.703766 -179.640152
v -26.804985 -117.351562 -199.605408
v -26.804985 -76.822151 -211.899979
v -26.804985 -34.672413 -216.051361
v -26.804985 7.477301 -211.899994
v -26.804985 144.967850 -120.031715
v -35.028122 -246.572357 -41.339687
v -42.934814 -234.277390 -81.090660
v -50.222126 -214.312698 -117.725357
v -56.609039 -187.443878 -149.835922
v -61.851154 -154.703766 -176.188400
v -65.746201 -117.351562 -195.770050
v -68.144531 -76.822151 -207.828369
v -68.954697 -34.672413 -211.899979
v -68.144531 7.477301 -207.828384
v -65.746201 48.006687 -195.770065
v -61.851154 85.358902 -176.188400
v -56.609039 118.099083 -149.835922
v -50.222126 144.967850 -117.725342
v -42.934814 164.932541 -81.090630
v -35.028122 177.227509 -41.339634
v -42.934814 -246.572357 -38.941135
v -58.444870 -234.277390 -76.385735
v -72.739288 -214.312698 -110.894852
v -85.267899 -187.443878 -141.142349
v -95.550232 -154.703766 -165.965851
v -103.190727 -117.351562 -460.026672
v -107.895500 -76.822151 -471.385376
v -109.484085 -34.672413 -199.605392
v -107.895500 7.477301 -195.770050
v -103.190727 48.006687 -184.411362
v -95.550232 85.358902 -165.965851
v -85.267899 118.099083 -141.142349
v -72.739288 144.967850 -110.894836
v -58.444870 164.932541 -76.385696
v -42.934814 177.227509 -38.941082
v -50.222126 -246.572357 -35.046093
v -72.739288 -234.277390 -68.745346
v -93.491066 -214.312698 -99.802734
v -111.680069 -187.443878 -127.024757
v -126.607895 -154.703766 -149.365311
v -137.699982 -117.351562 -441.581177
v -144.530304 -76.822151 -451.803711
v -146.836731 -34.672413 -179.640106
v -144.530304 7.477301 -176.188370
v -137.699982 48.006687 -165.965851
v -126.607895 85.358902 -149.365311
v -111.680069 118.099083 -127.024757
v -93.491066 144.967850 -99.802719
v -72.739288 164.932541 -68.745308
v -50.222126 177.227509 -35.046051
v -56.609039 -246.572357 -29.804253
v -85.267899 -234.277390 -58.463104
v -111.680069 -214.312698 -84.875252
v -134.830597 -187.443878 -108.025681
v -153.829803 -154.703766 -127.024742
v -167.947418 -117.351562 -141.142334
v -176.640747 -76.822151 -149.835876
v -179.576477 -34.672413 -152.771347
v -176.640747 7.477301 -149.835876
v -167.947418 48.006687 -141.142349
v -153.829803 85.358902 -127.024742
v -134.830597 118.099083 -108.025681
v -111.680069 144.967850 -84.875229
v -85.267899 164.932541 -58.463081
v -56.609039 177.227509 -29.804216
v -61.851154 -382.830627 -23.417048
v -95.550232 -370.535675 -45.934166
v -126.607895 -214.312698 -66.686058
v -153.829803 -187.443878 -84.875229
v -176.170166 -154.703766 -99.802711
v -192.770569 -117.351562 -110.894829
v -202.993195 -76.822151 -117.725296
v -206.445221 -34.672413 -120.031677
v -202.993195 7.477301 -117.725296
v -192.770569 48.006687 -110.894836
v -176.170166 85.358902 -99.802711
v -153.829803 118.099083 -84.875229
v -126.607895 144.967850 -66.686035
v -95.550232 164.932541 -45.934151
v -61.851154 177.227509 -23.417021
v -65.746201 -382.830627 -16.129940
v -103.190727 -370.535675 -31.640001
v -137.699982 -214.312698 -45.934151
v -167.947418 -187.443878 -58.463074
v -192.770569 -154.703766 -68.745300
v -211.216339 -117.351562 -76.385689
v -222.575043 -76.822151 -81.090576
v -226.410355 -34.672413 -82.679260
v -222.575043 7.477301 -81.090576
v -211.216339 48.006687 -76.385696
v -192.770569 85.358902 -68.745300
v -167.947418 118.099083 -58.463074
v -137.699982 144.967850 -45.934139
v -103.190727 164.932541 -31.639994
v -65.746201 177.227509 -16.129923
v -68.144531 -246.572357 -8.222969
v -107.895500 -234.277390 -16.129927
v -144.530304 -214.312698 -23.417023
v -176.640747 -187.443878 -29.804214
v -202.993195 -154.703766 -35.046040
v -222.575043 -117.351562 -38.941082
v -234.633514 -76.822151 -41.339603
v -238.704895 -34.672413 -42.149509
v -234.633514 7.477301 -41.339603
v -222.575043 48.006687 -38.941093
v -202.993195 85.358902 -35.046040
v -176.640747 118.099083 -29.804214
v -144.530304 144.967850 -23.417013
v -107.895500 164.932541 -16.129925
v -68.144531 177.227509 -8.222962
v -68.954697 -246.572357 0.000006
v -109.484085 -234.277390 0.000005
v -146.836731 -214.312698 0.000003
v -179.576477 -187.443878 0.000005
v -206.445221 -154.703766 0.000008
v -226.410355 -117.351562 -0.000005
v -238.704895 -76.822151 0.000021
v -242.856293 -34.672413 0.000018
v -238.704895 7.477301 0.000021
v -226.410355 48.006687 -0.000015
v -206.445221 85.358902 0.000008
v -179.576477 118.099083 0.000005
v -146.836731 144.967850 0.000010
v -109.484085 164.932541 0.000001
v -68.954697 177.227509 0.000002
v -68.144531 -246.572357 8.222980
v -107.895500 -234.277390 16.129940
v -144.530304 -214.312698 23.417030
v -176.640747 -187.443878 29.804218
v -202.993195 -154.703766 35.046055
v -222.575043 -117.351562 38.941078
v -234.633118 -76.822151 41.339645
v -238.704895 -34.672413 42.149544
v -234.633118 7.477301 41.339645
v -222.575043 48.006687 38.941067
v -202.993195 85.358902 35.046055
v -176.640747 118.099083 29.804218
v -144.530304 144.967850 23.417034
v -107.895500 164.932541 16.129929
v -68.144531 177.227509 8.222967
v -65.746201 -246.572357 16.129951
v -103.190727 -373.534180 31.640003
v -137.699982 -353.569458 45.934151
v -167.947418 -187.443878 58.463070
v -192.770569 -154.703766 68.745300
v -211.216339 -117.351562 76.385666
v -222.575043 -76.822151 81.090599
v -226.410355 -34.672413 82.679276
v -222.575043 7.477301 81.090599
v -211.216339 48.006687 76.385651
v -192.770569 85.358902 68.745300
v -167.947418 118.099083 58.463070
v -137.699982 144.967850 45.934151
v -103.190727 164.932541 31.639988
v -65.746201 177.227509 16.129929
v -61.851154 -246.572357 23.417055
v -95.550232 -373.534180 45.934158
v -126.607895 -353.569458 66.686035
v -153.829803 -187.443878 84.875214
v -176.170166 -154.703766 99.802696
v -192.770569 -117.351562 110.894798
v -202.993195 -76.822151 117.725296
v -206.445221 -34.672413 120.031685
v -202.993195 7.477301 117.725296
v -192.770569 48.006687 110.894798
v -176.170166 85.358902 99.802696
v -153.829803 118.099083 84.875214
v -126.607895 144.967850 66.686035
v -95.550232 164.932541 45.934143
v -61.851154 177.227509 23.417027
v -56.609039 -246.572357 29.804251
v -85.267899 -234.277390 58.463085
v -111.680069 -214.312698 84.875221
v -134.830597 -187.443878 108.025658
v -153.829803 -154.703766 127.024734
v -167.947418 -117.351562 141.142303
v -176.640747 -76.822151 149.835861
v -179.576477 -34.672413 152.771362
v -176.640747 7.477301 149.835861
v -167.947418 48.006687 141.142303
v -153.829803 85.358902 127.024734
v -134.830597 118.099083 108.025658
v -111.680069 144.967850 84.875214
v -85.267899 164.932541 58.463070
v -56.609039 177.227509 29.804218
v -50.222126 -246.572357 35.046089
v -72.739288 -234.277390 68.745308
v -93.491066 -214.312698 99.802696
v -111.680069 -187.443878 127.024734
v -126.607452 -154.703766 149.365280
v -137.699982 -117.351562 165.965805
v -144.530304 -76.822151 176.188339
v -146.836731 -34.672413 179.640106
v -144.530304 7.477301 176.188339
v -137.699982 48.006687 165.965805
v -126.607452 85.358902 149.365280
v -111.680069 118.099083 127.024734
v -93.491066 144.967850 99.802689
v -72.739288 164.932541 68.745285
v -50.222126 177.227509 35.046051
v -26.804985 181.378876 0.000006
v -42.934814 -246.572357 38.941124
v -58.444870 -234.277390 76.385689
v -72.739288 -214.312698 110.894836
v -85.267899 -187.443878 141.142303
v -95.550232 -154.703766 165.965790
v -103.190727 -117.351562 184.411316
v -107.895500 -76.822151 195.769974
v -109.484085 -34.672413 199.605392
v -107.895500 7.477301 195.769974
v -103.190727 48.006687 184.411316
v -95.550232 85.358902 165.965790
v -85.267899 118.099083 141.142303
v -72.739288 144.967850 110.894798
v -58.444870 164.932541 76.385666
v -42.934814 177.227509 38.941086
v -35.028122 -246.572357 41.339676
v -42.934814 -234.277390 81.090614
v -50.222126 -214.312698 117.725319
v -56.609039 -187.443878 149.835876
v -61.851154 -154.703766 176.188324
v -65.746201 -117.351562 195.770004
v -68.144531 -76.822151 207.828293
v -68.954277 -34.672413 211.899948
v -68.144531 7.477301 207.828293
v -65.746201 48.006687 195.770004
v -61.851154 85.358902 176.188324
v -56.609039 118.099083 149.835876
v -50.222126 144.967850 117.725296
v -42.934814 164.932541 81.090591
v -35.028122 177.227509 41.339630
v -26.804985 -246.572357 42.149567
v -26.804985 -234.277390 82.679268
v -26.804985 -214.312698 120.031685
v -26.804985 -187.443878 152.771332
v -26.804985 -154.703766 179.640045
v -26.804985 -117.351562 199.605362
v -26.804985 -76.822151 211.899872
v -26.804985 -34.672413 216.051270
v -26.804985 7.477301 211.899872
v -26.804985 48.006687 199.605362
v -26.804985 85.358902 179.640045
v -26.804985 118.099083 152.771332
v -26.804985 144.967850 120.031654
v -26.804985 164.932541 82.679237
v -26.804985 177.227509 42.149521
v -18.581820 -246.572357 41.339668
v -10.675127 -234.277390 81.090599
v -3.387819 -214.312698 117.725319
v 2.999092 -187.443878 149.835861
v 8.241213 -154.703766 176.188293
v 12.136238 -117.351562 195.770004
v 14.534588 -76.822151 207.828262
v 15.344753 -34.672413 211.899933
v 14.534588 7.477301 207.828262
v 12.136238 48.006687 195.770004
v 8.241213 85.358902 176.188293
v 2.999092 118.099083 149.835861
v -3.387819 144.967850 117.725281
v -10.675127 164.932541 81.090576
v -18.581820 177.227509 41.339630
v -10.675127 -246.572357 38.941116
v 4.834927 -234.277390 76.385666
v 19.129318 -214.312698 110.894836
v 31.657955 -187.443878 141.142303
v 41.940315 -154.703766 165.965714
v 49.580757 -117.351562 184.411316
v 54.285553 -76.822151 195.769928
v 55.874138 -34.672413 199.605347
v 54.285553 7.477301 195.769928
v 49.580757 48.006687 184.411316
v 41.940315 85.358902 165.965714
v 31.657955 118.099083 141.142303
v 19.129318 144.967850 110.894791
v 4.834927 164.932541 76.385643
v -10.675127 177.227509 38.941074
v -3.387819 -246.572357 35.046078
v 158.357742 -234.277390 225.529709
v 179.109543 -214.312698 256.587128
v 58.070141 -187.443878 127.024712
v 72.997505 -154.703766 149.365204
v 84.089607 -117.351562 165.965790
v 90.920334 -76.822151 176.188278
v 93.226761 -34.672413 179.640060
v 90.920334 7.477301 176.188278
v 84.089607 48.006687 165.965790
v 72.997505 85.358902 149.365204
v 58.070141 118.099083 127.024712
v 39.881119 144.967850 99.802658
v 19.129318 164.932541 68.745247
v -3.387819 177.227509 35.046040
v -20.318439 -316.583038 -0.639026
v 2.999092 -246.572357 29.804235
v 170.886383 -234.277390 215.247482
v 197.298569 -214.312698 241.659637
v 81.220673 -187.443878 108.025620
v 100.219856 -154.703766 127.024643
v 114.337479 -117.351562 141.142303
v 123.030823 -76.822151 149.835800
v 125.966499 -34.672413 152.771301
v 123.030823 7.477301 149.835800
v 114.337479 48.006687 141.142303
v 100.219856 85.358902 127.024643
v 81.220673 118.099083 108.025620
v 58.070141 144.967850 84.875183
v 31.657955 164.932541 58.463036
v 2.999092 177.227509 29.804205
v 8.241213 -246.572357 23.417040
v 41.940315 -234.277390 45.934124
v 72.997505 -214.312698 66.686028
v 100.219856 -187.443878 84.875183
v 122.560226 -154.703766 99.802612
v 139.160660 -117.351562 110.894798
v 149.383255 -76.822151 117.725220
v 152.835281 -34.672413 120.031624
v 149.383255 7.477301 117.725220
v 139.160660 48.006687 110.894798
v 122.560226 85.358902 99.802612
v 100.219856 118.099083 84.875183
v 72.997505 144.967850 66.685989
v 41.940315 164.932541 45.934109
v 8.241213 177.227509 23.417013
v 12.136238 -246.572357 16.129940
v 49.580757 -234.277390 31.639969
v 84.090004 -214.312698 45.934132
v 114.337479 -187.443878 58.463036
v 185.777863 -181.218781 86.780502
v 204.223618 -143.866577 94.420952
v 168.965134 -76.822151 81.090508
v 172.800400 -34.672413 82.679199
v 168.965134 7.477301 81.090508
v 157.606415 48.006687 76.385666
v 139.160660 85.358902 68.745216
v 114.337479 118.099083 58.463036
v 84.089607 144.967850 45.934116
v 49.580757 164.932541 31.639957
v 12.136238 177.227509 16.129919
v 14.534588 -246.572357 8.222972
v 54.285553 -234.277390 16.129915
v 90.920334 -214.312698 23.417015
v 123.030823 -187.443878 29.804184
v 227.007141 -196.127411 24.200838
v 246.589020 -158.775208 28.095924
v 181.023163 -76.822151 41.339565
v 185.094971 -34.672413 42.149479
v 181.023163 7.477301 41.339565
v 168.965134 48.006687 38.941078
v 149.383255 85.358902 35.045994
v 123.030823 118.099083 29.804184
v 90.920334 144.967850 23.417006
v 54.285553 164.932541 16.129908
v 14.534588 177.227509 8.222962
v 21.831299 -312.431671 -0.639079
v 55.874138 -234.277390 -0.000003
v 93.226761 -214.312698 -0.000003
v 125.966499 -187.443878 -0.000024
v 183.841568 -169.612396 -28.880470
v 203.807083 -132.260193 -28.880432
v 185.094971 -76.822151 -0.000044
v 189.246307 -34.672413 -0.000034
v 185.094971 7.477301 -0.000044
v 172.800400 48.006687 0.000005
v 152.834885 85.358902 -0.000034
v 125.966499 118.099083 -0.000024
v 93.226761 144.967850 -0.000008
v 55.874138 164.932541 -0.000010
v 15.344336 177.227509 0.000004
v 21.021133 -312.431671 -8.862047
v 54.285553 -234.277390 -16.129919
v 90.920334 -214.312698 -23.417017
v 123.030823 -187.443878 -29.804232
v 149.383255 -154.703766 -35.046059
v 168.965134 -117.351562 -38.941067
v 181.023163 -76.822151 -41.339645
v 185.094971 -34.672413 -42.149544
v 181.023163 7.477301 -41.339645
v 168.965134 48.006687 -38.941067
v 149.383255 85.358902 -35.046059
v 123.030823 118.099083 -29.804232
v 90.920334 144.967850 -23.417017
v 54.285553 164.932541 -16.129921
v 14.534588 177.227509 -8.222956
v 12.136238 -246.572357 -16.129927
v 49.580757 -234.277390 -31.639978
v 84.089607 -214.312698 -45.934132
v 114.337479 -394.995789 -58.463078
v 139.160660 -362.255676 -68.745285
v 157.606415 -117.351562 -76.385658
v 168.964722 -76.822151 -81.090591
v 172.800400 -34.672413 -82.679268
v 168.964722 7.477301 -81.090591
v 157.606415 48.006687 -76.385658
v 139.160660 85.358902 -68.745285
v 114.337479 118.099083 -58.463078
v 84.089607 144.967850 -45.934120
v 49.580757 164.932541 -31.639975
v 12.136238 177.227509 -16.129910
v 8.241213 -246.572357 -23.417025
v 41.940315 -234.277390 -45.934120
v 72.997505 -214.312698 -66.686020
v 100.219856 -394.995789 -84.875221
v 122.560226 -362.255676 -99.802666
v 139.160660 -117.351562 -110.894791
v 149.383255 -76.822151 -117.725266
v 152.834885 -34.672413 -120.031662
v 149.383255 7.477301 -117.725266
v 139.160660 48.006687 -110.894791
v 122.560226 85.358902 -99.802666
v 100.219856 118.099083 -84.875221
v 72.997505 144.967850 -66.686005
v 41.940315 164.932541 -45.934113
v 8.241213 177.227509 -23.416998
v 2.999092 -246.572357 -29.804222
v 31.657955 -234.277390 -58.463047
v 58.070141 -214.312698 -84.875198
v 81.220673 -187.443878 -108.025658
v 100.219444 -154.703766 -127.024681
v 114.337479 -117.351562 -141.142288
v 123.030823 -76.822151 -149.835815
v 125.966118 -34.672413 -152.771317
v 123.030823 7.477301 -149.835815
v 114.337479 48.006687 -141.142288
v 100.219444 85.358902 -127.024681
v 81.220673 118.099083 -108.025658
v 58.070141 144.967850 -84.875183
v 31.657955 164.932541 -58.463036
v 2.999092 177.227509 -29.804192
v -3.387819 -246.572357 -35.046059
v 19.129318 -234.277390 -68.745270
v 39.881119 -214.312698 -99.802666
v 58.070141 -187.443878 -127.024712
v 72.997505 -154.703766 -149.365204
v 84.089607 -117.351562 -165.965759
v 90.920334 -76.822151 -176.188263
v 93.226761 -34.672413 -289.169098
v 90.920334 7.477301 -285.717316
v 84.089607 48.006687 -165.965759
v 72.997505 85.358902 -149.365204
v 58.070141 118.099083 -127.024712
v 39.881119 144.967850 -99.802650
v 19.128925 164.932541 -68.745255
v -3.387819 177.227509 -35.046024
v -10.675127 -246.572357 -38.941093
v 4.834927 -234.277390 -76.385651
v 19.129318 -214.312698 -110.894775
v 31.657955 -187.443878 -141.142303
v 41.940315 -154.703766 -165.965714
v 49.580757 -117.351562 -184.411270
v 54.285553 -76.822151 -195.769882
v 55.874138 -34.672413 -309.134338
v 54.285553 7.477301 -305.298950
v 49.580757 48.006687 -184.411270
v 41.940315 85.358902 -165.965714
v 31.657955 118.099083 -141.142303
v 19.128925 144.967850 -110.894737
v 4.834927 164.932541 -76.385635
v -10.675127 177.227509 -38.941055
v -18.581820 -246.572357 -41.339645
v -10.675127 -234.277390 -81.090561
v -3.387819 -214.312698 -117.725258
v 2.999092 -187.443878 -149.835846
v 8.240816 -154.703766 -176.188248
v 12.136238 -117.351562 -195.769958
v 14.534588 -76.822151 -207.828201
v 15.344336 -34.672413 -211.899841
v 14.534588 7.477301 -207.828201
v 12.136238 48.006687 -195.769958
v 8.240816 85.358902 -176.188248
v 2.999092 118.099083 -149.835846
v -3.387819 144.967850 -117.725220
v -10.675127 164.932541 -81.090553
v -18.581820 177.227509 -41.339600
v -161.896057 -200.878296 13.305314
v -145.683517 -214.312698 11.708517
v -178.108612 -187.443878 14.902112
v -26.804985 48.006687 -199.605316
v -26.804985 85.358902 -179.639954
v -26.804985 118.099083 -152.771301
v -160.585526 -200.878296 26.610624
v -26.804985 164.932541 -82.679207
v -26.804985 177.227509 -42.149490
v -163.206604 -200.878296 0.000004
v 217.868103 -201.491623 112.280380
v 294.032654 -200.418518 164.603821
v 259.097382 -216.400253 49.700714
v 336.398041 -215.327148 98.278786
v 239.976898 -185.406097 97.245895
v 296.562561 -225.289612 141.647095
v 257.705200 -191.887253 70.940941
v 313.239960 -231.082428 114.896255
f 3 8 4
f 7 6 8
f 2 8 6
f 1 4 2
f 5 2 6
f 10 11 9
f 509 510 511
f 16 13 15
f 15 9 11
f 16 10 14
f 501 41 502
f 24 33 34
f 17 313 27
f 222 502 41
f 24 35 25
f 17 28 18
f 497 35 36
f 19 28 29
f 497 37 498
f 19 30 20
f 498 38 499
f 21 30 31
f 26 38 39
f 22 31 32
f 26 40 501
f 22 33 23
f 39 55 40
f 33 47 48
f 41 55 56
f 34 48 49
f 27 313 42
f 222 41 56
f 34 50 35
f 27 43 28
f 36 50 51
f 29 43 44
f 36 52 37
f 29 45 30
f 37 53 38
f 31 45 46
f 39 53 54
f 32 46 47
f 44 58 59
f 51 67 52
f 44 60 45
f 52 68 53
f 46 60 61
f 54 68 69
f 46 62 47
f 54 70 55
f 47 63 48
f 55 71 56
f 49 63 64
f 42 313 57
f 222 56 71
f 50 64 65
f 43 57 58
f 51 65 66
f 62 78 63
f 71 85 86
f 64 78 79
f 57 313 72
f 222 71 86
f 64 80 65
f 57 73 58
f 66 80 81
f 58 74 59
f 67 81 82
f 59 75 60
f 67 83 68
f 61 75 76
f 69 83 84
f 61 77 62
f 70 84 85
f 82 96 97
f 75 89 90
f 83 97 98
f 75 91 76
f 83 99 84
f 76 92 77
f 84 100 85
f 77 93 78
f 85 101 86
f 79 93 94
f 72 313 87
f 222 86 101
f 79 95 80
f 72 88 73
f 81 95 96
f 73 89 74
f 100 116 101
f 94 108 109
f 87 313 102
f 222 101 116
f 94 110 95
f 88 102 103
f 95 111 96
f 88 104 89
f 96 112 97
f 89 105 90
f 98 112 113
f 90 106 91
f 99 113 114
f 92 106 107
f 99 115 100
f 93 107 108
f 104 120 105
f 113 127 128
f 105 121 106
f 114 128 129
f 107 121 122
f 115 129 130
f 108 122 123
f 116 130 131
f 108 124 109
f 102 313 117
f 222 116 131
f 110 124 125
f 103 117 118
f 110 126 111
f 104 118 119
f 111 127 112
f 123 139 124
f 117 313 132
f 222 131 146
f 125 139 140
f 118 132 133
f 125 141 126
f 118 134 119
f 126 142 127
f 119 134 503
f 127 143 128
f 121 135 136
f 128 144 129
f 122 136 137
f 130 144 145
f 122 138 123
f 130 146 131
f 143 157 158
f 496 150 151
f 144 158 159
f 136 152 137
f 144 160 145
f 138 152 153
f 146 160 161
f 138 154 139
f 132 313 147
f 222 146 161
f 140 154 155
f 132 148 133
f 140 156 141
f 148 149 495
f 142 156 157
f 494 149 500
f 222 161 176
f 154 170 155
f 148 162 163
f 155 171 156
f 148 164 149
f 157 171 172
f 149 164 165
f 157 173 158
f 151 165 166
f 158 174 159
f 151 167 152
f 159 175 160
f 153 167 168
f 160 176 161
f 153 169 154
f 147 313 162
f 173 189 174
f 166 182 167
f 175 189 190
f 167 183 168
f 176 190 191
f 168 184 169
f 162 313 177
f 222 176 191
f 170 184 185
f 162 178 163
f 171 185 186
f 163 179 164
f 172 186 187
f 164 180 165
f 172 188 173
f 166 180 181
f 177 193 178
f 185 201 186
f 179 193 194
f 186 202 187
f 180 194 195
f 187 203 188
f 181 195 196
f 189 203 204
f 182 196 197
f 190 204 205
f 183 197 198
f 191 205 206
f 183 199 184
f 177 313 192
f 222 191 206
f 185 199 200
f 196 212 197
f 204 220 205
f 198 212 213
f 205 221 206
f 198 214 199
f 192 313 207
f 222 206 221
f 200 214 215
f 193 207 208
f 200 216 201
f 194 208 209
f 202 216 217
f 195 209 210
f 203 217 218
f 195 211 196
f 203 219 204
f 215 232 216
f 208 225 209
f 217 232 233
f 210 225 226
f 217 234 218
f 211 226 227
f 218 235 219
f 211 228 212
f 220 235 236
f 213 228 229
f 221 236 237
f 214 229 230
f 207 313 223
f 222 221 237
f 214 231 215
f 207 224 208
f 236 250 251
f 229 243 244
f 236 252 237
f 230 244 245
f 223 313 238
f 222 237 252
f 230 246 231
f 224 238 239
f 231 247 232
f 224 240 225
f 233 247 248
f 226 240 241
f 234 248 249
f 226 242 227
f 234 250 235
f 227 243 228
f 239 255 240
f 248 262 263
f 241 255 256
f 249 263 264
f 241 257 242
f 249 265 250
f 242 258 243
f 251 265 266
f 244 258 259
f 251 267 252
f 245 259 260
f 238 313 253
f 222 252 267
f 245 261 246
f 239 253 254
f 246 262 247
f 258 274 259
f 267 281 282
f 260 274 275
f 253 313 268
f 222 267 282
f 260 276 261
f 253 269 254
f 262 276 277
f 255 269 270
f 262 278 263
f 255 271 256
f 263 279 264
f 257 271 272
f 265 279 280
f 257 273 258
f 265 281 266
f 278 292 293
f 270 286 271
f 278 294 279
f 272 286 287
f 280 294 295
f 272 288 273
f 280 296 281
f 273 289 274
f 282 296 297
f 275 289 290
f 268 313 283
f 222 282 297
f 275 291 276
f 268 284 269
f 277 291 292
f 270 284 285
f 296 312 297
f 289 305 290
f 283 313 298
f 222 297 312
f 291 305 306
f 284 298 299
f 291 307 292
f 285 299 300
f 293 307 308
f 286 300 301
f 293 309 294
f 287 301 302
f 295 309 310
f 287 303 288
f 295 311 296
f 289 303 304
f 308 325 309
f 302 317 318
f 310 325 326
f 303 318 319
f 311 326 327
f 304 319 320
f 312 327 328
f 305 320 321
f 298 313 314
f 222 312 328
f 305 322 306
f 299 314 315
f 306 323 307
f 299 316 300
f 307 324 308
f 300 317 301
f 314 313 329
f 222 328 343
f 321 337 322
f 314 330 315
f 323 337 338
f 315 331 316
f 324 338 339
f 317 331 332
f 324 340 325
f 318 332 333
f 325 341 326
f 318 334 319
f 326 342 327
f 319 335 320
f 327 343 328
f 321 335 336
f 333 347 348
f 340 356 341
f 333 349 334
f 342 356 357
f 334 350 335
f 342 358 343
f 336 350 351
f 329 313 344
f 222 343 358
f 336 352 337
f 330 344 345
f 337 353 338
f 331 345 346
f 339 353 354
f 332 346 347
f 340 354 355
f 352 366 367
f 344 360 345
f 352 368 353
f 345 361 346
f 353 369 354
f 346 362 347
f 355 369 370
f 348 362 363
f 355 371 356
f 356 372 357
f 349 365 350
f 358 372 373
f 350 366 351
f 344 313 359
f 222 358 373
f 370 386 371
f 364 378 379
f 372 386 387
f 364 380 365
f 373 387 388
f 365 381 366
f 359 313 374
f 222 373 388
f 367 381 382
f 359 375 360
f 367 383 368
f 360 376 361
f 369 383 384
f 362 376 377
f 369 385 370
f 363 377 378
f 374 390 375
f 382 398 383
f 376 390 391
f 383 399 384
f 376 392 377
f 385 399 400
f 377 393 378
f 386 400 401
f 378 394 379
f 386 402 387
f 380 394 395
f 387 403 388
f 380 396 381
f 374 313 389
f 222 388 403
f 382 396 397
f 393 409 394
f 401 417 402
f 395 409 410
f 402 418 403
f 395 411 396
f 389 313 404
f 222 403 418
f 397 411 412
f 390 404 405
f 397 413 398
f 391 405 406
f 399 413 414
f 391 407 392
f 399 415 400
f 392 408 393
f 401 415 416
f 412 428 413
f 406 420 421
f 414 428 429
f 406 422 407
f 414 430 415
f 408 422 423
f 416 430 431
f 408 424 409
f 416 432 417
f 410 424 425
f 417 433 418
f 410 426 411
f 404 313 419
f 222 418 433
f 412 426 427
f 404 420 405
f 431 447 432
f 425 439 440
f 433 447 448
f 426 440 441
f 419 313 434
f 222 433 448
f 426 442 427
f 419 435 420
f 427 443 428
f 420 436 421
f 429 443 444
f 422 436 437
f 429 445 430
f 423 437 438
f 431 445 446
f 424 438 439
f 444 458 459
f 437 451 452
f 444 460 445
f 438 452 453
f 445 461 446
f 438 454 439
f 447 461 462
f 439 455 440
f 447 463 448
f 441 455 456
f 434 313 449
f 222 448 463
f 441 457 442
f 435 449 450
f 442 458 443
f 436 450 451
f 463 477 478
f 456 470 471
f 449 313 464
f 222 463 478
f 456 472 457
f 449 465 450
f 457 473 458
f 450 466 451
f 458 474 459
f 452 466 467
f 460 474 475
f 452 468 453
f 461 475 476
f 454 468 469
f 462 476 477
f 454 470 455
f 467 481 482
f 475 489 490
f 467 483 468
f 475 491 476
f 468 484 469
f 476 492 477
f 470 484 485
f 477 493 478
f 470 486 471
f 464 313 479
f 222 478 493
f 472 486 487
f 465 479 480
f 473 487 488
f 465 481 466
f 474 488 489
f 486 23 24
f 479 313 17
f 222 493 502
f 486 25 487
f 480 17 18
f 487 497 488
f 481 18 19
f 489 497 498
f 482 19 20
f 489 499 490
f 483 20 21
f 490 26 491
f 483 22 484
f 492 26 501
f 485 22 23
f 492 502 493
f 496 500 150
f 503 496 135
f 134 494 503
f 508 505 504
f 511 506 507
f 510 504 506
f 509 507 505
f 3 7 8
f 7 5 6
f 2 4 8
f 1 3 4
f 5 1 2
f 10 12 11
f 509 508 510
f 16 14 13
f 15 13 9
f 16 12 10
f 501 40 41
f 24 23 33
f 24 34 35
f 17 27 28
f 497 25 35
f 19 18 28
f 497 36 37
f 19 29 30
f 498 37 38
f 21 20 30
f 26 499 38
f 22 21 31
f 26 39 40
f 22 32 33
f 39 54 55
f 33 32 47
f 41 40 55
f 34 33 48
f 34 49 50
f 27 42 43
f 36 35 50
f 29 28 43
f 36 51 52
f 29 44 45
f 37 52 53
f 31 30 45
f 39 38 53
f 32 31 46
f 44 43 58
f 51 66 67
f 44 59 60
f 52 67 68
f 46 45 60
f 54 53 68
f 46 61 62
f 54 69 70
f 47 62 63
f 55 70 71
f 49 48 63
f 50 49 64
f 43 42 57
f 51 50 65
f 62 77 78
f 71 70 85
f 64 63 78
f 64 79 80
f 57 72 73
f 66 65 80
f 58 73 74
f 67 66 81
f 59 74 75
f 67 82 83
f 61 60 75
f 69 68 83
f 61 76 77
f 70 69 84
f 82 81 96
f 75 74 89
f 83 82 97
f 75 90 91
f 83 98 99
f 76 91 92
f 84 99 100
f 77 92 93
f 85 100 101
f 79 78 93
f 79 94 95
f 72 87 88
f 81 80 95
f 73 88 89
f 100 115 116
f 94 93 108
f 94 109 110
f 88 87 102
f 95 110 111
f 88 103 104
f 96 111 112
f 89 104 105
f 98 97 112
f 90 105 106
f 99 98 113
f 92 91 106
f 99 114 115
f 93 92 107
f 104 119 120
f 113 112 127
f 105 120 121
f 114 113 128
f 107 106 121
f 115 114 129
f 108 107 122
f 116 115 130
f 108 123 124
f 110 109 124
f 103 102 117
f 110 125 126
f 104 103 118
f 111 126 127
f 123 138 139
f 125 124 139
f 118 117 132
f 125 140 141
f 118 133 134
f 126 141 142
f 135 120 503
f 120 119 503
f 127 142 143
f 121 120 135
f 128 143 144
f 122 121 136
f 130 129 144
f 122 137 138
f 130 145 146
f 143 142 157
f 151 136 496
f 136 135 496
f 144 143 158
f 136 151 152
f 144 159 160
f 138 137 152
f 146 145 160
f 138 153 154
f 140 139 154
f 132 147 148
f 140 155 156
f 495 134 133
f 133 148 495
f 142 141 156
f 494 495 149
f 154 169 170
f 148 147 162
f 155 170 171
f 148 163 164
f 157 156 171
f 165 150 500
f 500 149 165
f 157 172 173
f 151 150 165
f 158 173 174
f 151 166 167
f 159 174 175
f 153 152 167
f 160 175 176
f 153 168 169
f 173 188 189
f 166 181 182
f 175 174 189
f 167 182 183
f 176 175 190
f 168 183 184
f 170 169 184
f 162 177 178
f 171 170 185
f 163 178 179
f 172 171 186
f 164 179 180
f 172 187 188
f 166 165 180
f 177 192 193
f 185 200 201
f 179 178 193
f 186 201 202
f 180 179 194
f 187 202 203
f 181 180 195
f 189 188 203
f 182 181 196
f 190 189 204
f 183 182 197
f 191 190 205
f 183 198 199
f 185 184 199
f 196 211 212
f 204 219 220
f 198 197 212
f 205 220 221
f 198 213 214
f 200 199 214
f 193 192 207
f 200 215 216
f 194 193 208
f 202 201 216
f 195 194 209
f 203 202 217
f 195 210 211
f 203 218 219
f 215 231 232
f 208 224 225
f 217 216 232
f 210 209 225
f 217 233 234
f 211 210 226
f 218 234 235
f 211 227 228
f 220 219 235
f 213 212 228
f 221 220 236
f 214 213 229
f 214 230 231
f 207 223 224
f 236 235 250
f 229 228 243
f 236 251 252
f 230 229 244
f 230 245 246
f 224 223 238
f 231 246 247
f 224 239 240
f 233 232 247
f 226 225 240
f 234 233 248
f 226 241 242
f 234 249 250
f 227 242 243
f 239 254 255
f 248 247 262
f 241 240 255
f 249 248 263
f 241 256 257
f 249 264 265
f 242 257 258
f 251 250 265
f 244 243 258
f 251 266 267
f 245 244 259
f 245 260 261
f 239 238 253
f 246 261 262
f 258 273 274
f 267 266 281
f 260 259 274
f 260 275 276
f 253 268 269
f 262 261 276
f 255 254 269
f 262 277 278
f 255 270 271
f 263 278 279
f 257 256 271
f 265 264 279
f 257 272 273
f 265 280 281
f 278 277 292
f 270 285 286
f 278 293 294
f 272 271 286
f 280 279 294
f 272 287 288
f 280 295 296
f 273 288 289
f 282 281 296
f 275 274 289
f 275 290 291
f 268 283 284
f 277 276 291
f 270 269 284
f 296 311 312
f 289 304 305
f 291 290 305
f 284 283 298
f 291 306 307
f 285 284 299
f 293 292 307
f 286 285 300
f 293 308 309
f 287 286 301
f 295 294 309
f 287 302 303
f 295 310 311
f 289 288 303
f 308 324 325
f 302 301 317
f 310 309 325
f 303 302 318
f 311 310 326
f 304 303 319
f 312 311 327
f 305 304 320
f 305 321 322
f 299 298 314
f 306 322 323
f 299 315 316
f 307 323 324
f 300 316 317
f 321 336 337
f 314 329 330
f 323 322 337
f 315 330 331
f 324 323 338
f 317 316 331
f 324 339 340
f 318 317 332
f 325 340 341
f 318 333 334
f 326 341 342
f 319 334 335
f 327 342 343
f 321 320 335
f 333 332 347
f 340 355 356
f 333 348 349
f 342 341 356
f 334 349 350
f 342 357 358
f 336 335 350
f 336 351 352
f 330 329 344
f 337 352 353
f 331 330 345
f 339 338 353
f 332 331 346
f 340 339 354
f 352 351 366
f 344 359 360
f 352 367 368
f 345 360 361
f 353 368 369
f 346 361 362
f 355 354 369
f 348 347 362
f 355 370 371
f 356 371 372
f 349 364 365
f 358 357 372
f 350 365 366
f 370 385 386
f 364 363 378
f 372 371 386
f 364 379 380
f 373 372 387
f 365 380 381
f 367 366 381
f 359 374 375
f 367 382 383
f 360 375 376
f 369 368 383
f 362 361 376
f 369 384 385
f 363 362 377
f 374 389 390
f 382 397 398
f 376 375 390
f 383 398 399
f 376 391 392
f 385 384 399
f 377 392 393
f 386 385 400
f 378 393 394
f 386 401 402
f 380 379 394
f 387 402 403
f 380 395 396
f 382 381 396
f 393 408 409
f 401 416 417
f 395 394 409
f 402 417 418
f 395 410 411
f 397 396 411
f 390 389 404
f 397 412 413
f 391 390 405
f 399 398 413
f 391 406 407
f 399 414 415
f 392 407 408
f 401 400 415
f 412 427 428
f 406 405 420
f 414 413 428
f 406 421 422
f 414 429 430
f 408 407 422
f 416 415 430
f 408 423 424
f 416 431 432
f 410 409 424
f 417 432 433
f 410 425 426
f 412 411 426
f 404 419 420
f 431 446 447
f 425 424 439
f 433 432 447
f 426 425 440
f 426 441 442
f 419 434 435
f 427 442 443
f 420 435 436
f 429 428 443
f 422 421 436
f 429 444 445
f 423 422 437
f 431 430 445
f 424 423 438
f 444 443 458
f 437 436 451
f 444 459 460
f 438 437 452
f 445 460 461
f 438 453 454
f 447 446 461
f 439 454 455
f 447 462 463
f 441 440 455
f 441 456 457
f 435 434 449
f 442 457 458
f 436 435 450
f 463 462 477
f 456 455 470
f 456 471 472
f 449 464 465
f 457 472 473
f 450 465 466
f 458 473 474
f 452 451 466
f 460 459 474
f 452 467 468
f 461 460 475
f 454 453 468
f 462 461 476
f 454 469 470
f 467 466 481
f 475 474 489
f 467 482 483
f 475 490 491
f 468 483 484
f 476 491 492
f 470 469 484
f 477 492 493
f 470 485 486
f 472 471 486
f 465 464 479
f 473 472 487
f 465 480 481
f 474 473 488
f 486 485 23
f 486 24 25
f 480 479 17
f 487 25 497
f 481 480 18
f 489 488 497
f 482 481 19
f 489 498 499
f 483 482 20
f 490 499 26
f 483 21 22
f 492 491 26
f 485 484 22
f 492 501 502
f 496 494 500
f 503 494 496
f 134 495 494
f 508 509 505
f 511 510 506
f 510 508 504
f 509 511 507