v 13.353423 58.806938 -30.314083
v 20.270248 5.563064 5.034729
v 13.353422 54.435982 12.379338
v 20.270248 5.563064 18.470512
v 0.164343 58.806938 -30.314083
v -6.752483 5.563064 5.034729
v 0.164344 54.435982 12.379338
v -6.752483 5.563064 18.470512
v 27.046883 -0.916738 25.247147
v -13.529118 -0.916738 25.247147
v 0.000000 0.831470 -0.555570
v 0.000000 0.923880 -0.382683
v 0.000000 0.980785 -0.195090
v -13.529118 -1.741905 25.247147
v 27.046883 -1.741905 25.247147
v 18.928171 3.695382 -36.734791
v 25.957769 12.838744 -43.675137
v -5.410404 3.695382 -36.734791
v -12.440001 12.838743 -43.675137
v -10.219191 1.826078 3.886287
v -5.410405 -0.495357 -9.764349
v 18.928171 -0.495357 -9.764349
v 27.046883 4.896613 3.886287
v 0.000000 0.707107 -0.707107
v 0.000000 0.555570 -0.831470
v 0.000000 0.382683 -0.923880
v 0.000000 0.000000 -1.000000
v 0.000000 -0.195090 -0.980785
v 0.000000 -0.555570 -0.831470
v 0.000000 -0.831470 -0.555570
v 0.108386 0.831470 -0.544895
v 0.074658 0.923880 -0.375330
v 0.038060 0.980785 -0.191342
v 0.137950 0.707107 -0.693520
v 0.162212 0.555570 -0.815493
v 0.180240 0.382683 -0.906127
v 0.191342 0.195090 -0.961940
v 0.195090 0.000000 -0.980785
v 0.191342 -0.195090 -0.961940
v 0.180240 -0.382683 -0.906127
v 0.162212 -0.555570 -0.815493
v 0.137950 -0.707107 -0.693520
v 0.108386 -0.831470 -0.544895
v 0.074658 -0.923880 -0.375330
v 0.038060 -0.980785 -0.191341
v 0.212608 0.831470 -0.513280
v 0.146447 0.923880 -0.353553
v 0.074658 0.980785 -0.180240
v 0.270598 0.707107 -0.653281
v 0.318190 0.555570 -0.768178
v 0.353553 0.382683 -0.853553
v 0.375330 0.195090 -0.906127
v 0.382684 0.000000 -0.923879
v 0.375330 -0.195090 -0.906127
v 0.353553 -0.382683 -0.853553
v 0.318190 -0.555570 -0.768178
v 0.270598 -0.707107 -0.653281
v 0.212608 -0.831470 -0.513280
v 0.146447 -0.923880 -0.353553
v 0.074658 -0.980785 -0.180240
v 0.308658 0.831470 -0.461940
v 0.212608 0.923880 -0.318190
v 0.108387 0.980785 -0.162212
v 0.392848 0.707107 -0.587938
v 0.461940 0.555570 -0.691342
v 0.513280 0.382683 -0.768178
v 0.544895 0.195090 -0.815493
v 0.555570 0.000000 -0.831469
v 0.544895 -0.195090 -0.815493
v 0.513280 -0.382683 -0.768178
v 0.461940 -0.555570 -0.691342
v 0.392848 -0.707107 -0.587938
v 0.308658 -0.831470 -0.461940
v 0.212608 -0.923880 -0.318189
v 0.108386 -0.980785 -0.162211
v 0.392848 0.831470 -0.392847
v 0.270598 0.923880 -0.270598
v 0.137950 0.980785 -0.137950
v 0.500000 0.707107 -0.500000
v 0.587938 0.555570 -0.587938
v 0.653282 0.382683 -0.653281
v 0.693520 0.195090 -0.693520
v 0.707107 0.000000 -0.707107
v 0.693520 -0.195090 -0.693520
v 0.653282 -0.382683 -0.653281
v 0.587938 -0.555570 -0.587938
v 0.500000 -0.707107 -0.500000
v 0.392848 -0.831470 -0.392847
v 0.270598 -0.923880 -0.270598
v 0.137950 -0.980785 -0.137949
v 0.461940 0.831470 -0.308658
v 0.318190 0.923880 -0.212607
v 0.162212 0.980785 -0.108386
v 0.587938 0.707107 -0.392847
v 0.691342 0.555570 -0.461940
v 0.768178 0.382683 -0.513280
v 0.815493 0.195090 -0.544895
v 0.831470 0.000000 -0.555570
v 0.815493 -0.195090 -0.544895
v 0.768178 -0.382683 -0.513280
v 0.691342 -0.555570 -0.461940
v 0.587938 -0.707107 -0.392847
v 0.461940 -0.831470 -0.308658
v 0.318190 -0.923880 -0.212607
v 0.162212 -0.980785 -0.108386
v 0.513280 0.831470 -0.212607
v 0.353554 0.923880 -0.146446
v 0.180240 0.980785 -0.074658
v 0.653282 0.707107 -0.270598
v 0.768178 0.555570 -0.318189
v 0.853553 0.382683 -0.353553
v 0.906128 0.195090 -0.375330
v 0.923880 0.000000 -0.382683
v 0.906128 -0.195090 -0.375330
v 0.853553 -0.382683 -0.353553
v 0.768178 -0.555570 -0.318189
v 0.653282 -0.707107 -0.270598
v 0.513280 -0.831470 -0.212607
v 0.353554 -0.923880 -0.146446
v 0.180240 -0.980785 -0.074658
v 0.544895 0.831470 -0.108386
v 0.375331 0.923880 -0.074658
v 0.191342 0.980785 -0.038060
v 0.693520 0.707107 -0.137949
v 0.815493 0.555570 -0.162211
v 0.906128 0.382683 -0.180240
v 0.961940 0.195090 -0.191341
v 0.980785 0.000000 -0.195090
v 0.961940 -0.195090 -0.191341
v 0.906128 -0.382683 -0.180240
v 0.815493 -0.555570 -0.162211
v 0.693520 -0.707107 -0.137949
v 0.544895 -0.831470 -0.108386
v 0.375330 -0.923880 -0.074658
v 0.191342 -0.980785 -0.038060
v 0.555570 0.831470 0.000000
v 0.382684 0.923880 0.000000
v 0.195091 0.980785 0.000000
v 0.707107 0.707107 0.000000
v 0.831470 0.555570 0.000000
v 0.923880 0.382683 0.000000
v 0.980785 0.195090 0.000000
v 1.000000 0.000000 0.000000
v 0.980785 -0.195090 0.000000
v 0.923880 -0.382683 0.000000
v 0.831470 -0.555570 0.000000
v 0.707107 -0.707107 0.000000
v 0.555570 -0.831470 0.000000
v 0.382684 -0.923880 0.000000
v 0.195090 -0.980785 0.000000
v 0.544895 0.831470 0.108387
v 0.375331 0.923880 0.074658
v 0.191342 0.980785 0.038061
v 0.693520 0.707107 0.137950
v 0.815493 0.555570 0.162212
v 0.906128 0.382683 0.180240
v 0.961940 0.195090 0.191342
v 0.980785 0.000000 0.195091
v 0.961940 -0.195090 0.191342
v 0.906128 -0.382683 0.180240
v 0.815493 -0.555570 0.162212
v 0.693520 -0.707107 0.137950
v 0.544895 -0.831470 0.108387
v 0.375330 -0.923880 0.074658
v 0.191342 -0.980785 0.038061
v 0.513280 0.831470 0.212608
v 0.353554 0.923880 0.146447
v 0.180240 0.980785 0.074658
v 0.653282 0.707107 0.270598
v 0.768178 0.555570 0.318190
v 0.853553 0.382683 0.353554
v 0.906127 0.195090 0.375331
v 0.923880 0.000000 0.382684
v 0.906127 -0.195090 0.375331
v 0.853553 -0.382683 0.353554
v 0.768178 -0.555570 0.318190
v 0.653282 -0.707107 0.270598
v 0.513280 -0.831470 0.212608
v 0.353553 -0.923880 0.146447
v 0.180240 -0.980785 0.074658
v 0.461940 0.831470 0.308659
v 0.318190 0.923880 0.212608
v 0.162212 0.980785 0.108387
v 0.587938 0.707107 0.392848
v 0.691342 0.555570 0.461940
v 0.768178 0.382683 0.513280
v 0.815493 0.195090 0.544895
v 0.831470 0.000000 0.555571
v 0.815493 -0.195090 0.544895
v 0.768178 -0.382683 0.513280
v 0.691342 -0.555570 0.461940
v 0.587938 -0.707107 0.392848
v 0.461940 -0.831470 0.308659
v 0.318190 -0.923880 0.212608
v 0.162212 -0.980785 0.108387
v 0.392848 0.831470 0.392848
v 0.270598 0.923880 0.270599
v 0.137950 0.980785 0.137950
v 0.500000 0.707107 0.500000
v 0.587938 0.555570 0.587938
v 0.653282 0.382683 0.653282
v 0.693520 0.195090 0.693520
v 0.707107 0.000000 0.707107
v 0.693520 -0.195090 0.693520
v 0.653282 -0.382683 0.653282
v 0.587938 -0.555570 0.587938
v 0.500000 -0.707107 0.500000
v 0.392848 -0.831470 0.392848
v 0.270598 -0.923880 0.270598
v 0.137950 -0.980785 0.137950
v 0.308658 0.831470 0.461940
v 0.212608 0.923880 0.318190
v 0.108386 0.980785 0.162212
v 0.392848 0.707107 0.587938
v 0.461940 0.555570 0.691342
v 0.513280 0.382683 0.768178
v 0.544895 0.195090 0.815493
v 0.555570 0.000000 0.831470
v 0.544895 -0.195090 0.815493
v 0.513280 -0.382683 0.768178
v 0.461940 -0.555570 0.691342
v 0.392848 -0.707107 0.587938
v 0.308658 -0.831470 0.461940
v 0.212608 -0.923880 0.318190
v 0.108386 -0.980785 0.162212
v 0.212608 0.831470 0.513280
v 0.146447 0.923880 0.353554
v 0.074658 0.980785 0.180240
v 0.270598 0.707107 0.653282
v 0.318190 0.555570 0.768178
v 0.353553 0.382683 0.853554
v 0.375330 0.195090 0.906128
v 0.382683 0.000000 0.923880
v 0.375330 -0.195090 0.906128
v 0.353553 -0.382683 0.853554
v 0.318190 -0.555570 0.768178
v 0.270598 -0.707107 0.653282
v 0.212607 -0.831470 0.513280
v 0.146447 -0.923880 0.353554
v 0.074658 -0.980785 0.180240
v 0.000000 -1.000000 0.000000
v 0.108386 0.831470 0.544896
v 0.074658 0.923880 0.375331
v 0.038060 0.980785 0.191342
v 0.137950 0.707107 0.693520
v 0.162212 0.555570 0.815493
v 0.180240 0.382683 0.906128
v 0.191342 0.195090 0.961940
v 0.195090 0.000000 0.980786
v 0.191342 -0.195090 0.961940
v 0.180240 -0.382683 0.906128
v 0.162212 -0.555570 0.815493
v 0.137950 -0.707107 0.693520
v 0.108386 -0.831470 0.544895
v 0.074658 -0.923880 0.375331
v 0.038060 -0.980785 0.191342
v 0.000000 0.831470 0.555571
v 0.000000 0.923880 0.382684
v -0.000000 0.980785 0.195091
v -0.000000 0.707107 0.707107
v -0.000000 0.555570 0.831470
v 0.000000 0.382683 0.923880
v -0.000000 0.195090 0.980785
v -0.000000 0.000000 1.000000
v -0.000000 -0.195090 0.980785
v 0.000000 -0.382683 0.923880
v -0.000000 -0.555570 0.831470
v -0.000000 -0.707107 0.707107
v -0.000000 -0.831470 0.555570
v 0.000000 -0.923880 0.382684
v 0.000000 -0.980785 0.195091
v -0.108386 0.831470 0.544896
v -0.074658 0.923880 0.375331
v -0.038060 0.980785 0.191342
v -0.137950 0.707107 0.693520
v -0.162212 0.555570 0.815493
v -0.180240 0.382683 0.906128
v -0.191342 0.195090 0.961940
v -0.195090 0.000000 0.980786
v -0.191342 -0.195090 0.961940
v -0.180240 -0.382683 0.906128
v -0.162212 -0.555570 0.815493
v -0.137950 -0.707107 0.693520
v -0.108386 -0.831470 0.544895
v -0.074658 -0.923880 0.375331
v -0.038060 -0.980785 0.191342
v -0.212608 0.831470 0.513280
v -0.146447 0.923880 0.353554
v -0.074658 0.980785 0.180240
v -0.270598 0.707107 0.653282
v -0.318190 0.555570 0.768178
v -0.353553 0.382683 0.853554
v -0.375330 0.195090 0.906127
v -0.382684 0.000000 0.923880
v -0.375330 -0.195090 0.906127
v -0.353553 -0.382683 0.853554
v -0.318190 -0.555570 0.768178
v -0.270598 -0.707107 0.653282
v -0.212607 -0.831470 0.513280
v -0.146447 -0.923880 0.353554
v -0.074658 -0.980785 0.180240
v -0.308658 0.831470 0.461940
v -0.212608 0.923880 0.318190
v -0.108386 0.980785 0.162212
v -0.392847 0.707107 0.587938
v -0.461940 0.555570 0.691342
v -0.513280 0.382683 0.768178
v -0.544895 0.195090 0.815493
v -0.555570 0.000000 0.831470
v -0.544895 -0.195090 0.815493
v -0.513280 -0.382683 0.768178
v -0.461940 -0.555570 0.691342
v -0.392847 -0.707107 0.587938
v -0.308658 -0.831470 0.461940
v -0.212607 -0.923880 0.318190
v -0.108386 -0.980785 0.162212
v -0.392848 0.831470 0.392848
v -0.270598 0.923880 0.270598
v -0.137950 0.980785 0.137950
v -0.500000 0.707107 0.500000
v -0.587938 0.555570 0.587938
v -0.653281 0.382683 0.653282
v -0.693520 0.195090 0.693520
v -0.707107 0.000000 0.707107
v -0.693520 -0.195090 0.693520
v -0.653281 -0.382683 0.653282
v -0.587938 -0.555570 0.587938
v -0.500000 -0.707107 0.500000
v -0.392847 -0.831470 0.392848
v -0.270598 -0.923880 0.270598
v -0.137950 -0.980785 0.137950
v -0.461940 0.831470 0.308659
v -0.318190 0.923880 0.212608
v -0.162212 0.980785 0.108387
v -0.587938 0.707107 0.392848
v -0.691341 0.555570 0.461940
v -0.768178 0.382683 0.513280
v -0.815493 0.195090 0.544895
v -0.831470 0.000000 0.555570
v -0.815493 -0.195090 0.544895
v -0.768178 -0.382683 0.513280
v -0.691341 -0.555570 0.461940
v -0.587938 -0.707107 0.392848
v -0.461940 -0.831470 0.308658
v -0.318190 -0.923880 0.212608
v -0.162212 -0.980785 0.108387
v -0.513280 0.831470 0.212608
v -0.353553 0.923880 0.146447
v -0.180240 0.980785 0.074658
v -0.000000 1.000000 0.000000
v -0.653281 0.707107 0.270598
v -0.768177 0.555570 0.318190
v -0.853553 0.382683 0.353554
v -0.906127 0.195090 0.375330
v -0.923880 0.000000 0.382684
v -0.906127 -0.195090 0.375330
v -0.853553 -0.382683 0.353554
v -0.768177 -0.555570 0.318190
v -0.653281 -0.707107 0.270598
v -0.513280 -0.831470 0.212608
v -0.353553 -0.923880 0.146447
v -0.180240 -0.980785 0.074658
v -0.544895 0.831470 0.108387
v -0.375330 0.923880 0.074658
v -0.191342 0.980785 0.038061
v -0.693520 0.707107 0.137950
v -0.815493 0.555570 0.162212
v -0.906127 0.382683 0.180240
v -0.961939 0.195090 0.191342
v -0.980785 0.000000 0.195090
v -0.961939 -0.195090 0.191342
v -0.906127 -0.382683 0.180240
v -0.815493 -0.555570 0.162212
v -0.693520 -0.707107 0.137950
v -0.544895 -0.831470 0.108387
v -0.375330 -0.923880 0.074658
v -0.191342 -0.980785 0.038061
v -0.555570 0.831470 0.000000
v -0.382683 0.923880 0.000000
v -0.195090 0.980785 0.000000
v -0.707107 0.707107 0.000000
v -0.831469 0.555570 0.000000
v -0.923879 0.382683 0.000000
v -0.980785 0.195090 0.000000
v -1.000000 0.000000 0.000000
v -0.980785 -0.195090 0.000000
v -0.923879 -0.382683 0.000000
v -0.831469 -0.555570 0.000000
v -0.707107 -0.707107 0.000000
v -0.555570 -0.831470 0.000000
v -0.382683 -0.923880 0.000000
v -0.195090 -0.980785 0.000000
v -0.544895 0.831470 -0.108386
v -0.375330 0.923880 -0.074658
v -0.191342 0.980785 -0.038060
v -0.693520 0.707107 -0.137949
v -0.815493 0.555570 -0.162211
v -0.906127 0.382683 -0.180240
v -0.961939 0.195090 -0.191342
v -0.980785 0.000000 -0.195090
v -0.961939 -0.195090 -0.191342
v -0.906127 -0.382683 -0.180240
v -0.815493 -0.555570 -0.162211
v -0.693520 -0.707107 -0.137949
v -0.544895 -0.831470 -0.108386
v -0.375330 -0.923880 -0.074658
v -0.191342 -0.980785 -0.038060
v -0.513280 0.831470 -0.212607
v -0.353553 0.923880 -0.146446
v -0.180240 0.980785 -0.074658
v -0.653281 0.707107 -0.270598
v -0.768177 0.555570 -0.318189
v -0.853553 0.382683 -0.353553
v -0.906127 0.195090 -0.375330
v -0.923879 0.000000 -0.382683
v -0.906127 -0.195090 -0.375330
v -0.853553 -0.382683 -0.353553
v -0.768177 -0.555570 -0.318189
v -0.653281 -0.707107 -0.270598
v -0.513280 -0.831470 -0.212607
v -0.353553 -0.923880 -0.146446
v -0.180240 -0.980785 -0.074657
v -0.461940 0.831470 -0.308658
v -0.318190 0.923880 -0.212607
v -0.162212 0.980785 -0.108386
v -0.587938 0.707107 -0.392847
v -0.691341 0.555570 -0.461939
v -0.768178 0.382683 -0.513280
v -0.815493 0.195090 -0.544895
v -0.831469 0.000000 -0.555570
v -0.815493 -0.195090 -0.544895
v -0.768178 -0.382683 -0.513280
v -0.691341 -0.555570 -0.461939
v -0.587938 -0.707107 -0.392847
v -0.461939 -0.831470 -0.308658
v -0.318189 -0.923880 -0.212607
v -0.162212 -0.980785 -0.108386
v -0.392847 0.831470 -0.392847
v -0.270598 0.923880 -0.270598
v -0.137950 0.980785 -0.137949
v -0.500000 0.707107 -0.500000
v -0.587937 0.555570 -0.587937
v -0.653281 0.382683 -0.653281
v -0.693519 0.195090 -0.693519
v -0.707106 0.000000 -0.707106
v -0.693519 -0.195090 -0.693519
v -0.653281 -0.382683 -0.653281
v -0.587937 -0.555570 -0.587937
v -0.500000 -0.707107 -0.500000
v -0.392847 -0.831470 -0.392847
v -0.270598 -0.923880 -0.270598
v -0.137950 -0.980785 -0.137949
v -0.308658 0.831470 -0.461939
v -0.212607 0.923880 -0.318189
v -0.108386 0.980785 -0.162211
v -0.392847 0.707107 -0.587937
v -0.461939 0.555570 -0.691341
v -0.513280 0.382683 -0.768177
v -0.544895 0.195090 -0.815492
v -0.555570 0.000000 -0.831469
v -0.544895 -0.195090 -0.815492
v -0.513280 -0.382683 -0.768177
v -0.461939 -0.555570 -0.691341
v -0.392847 -0.707107 -0.587937
v -0.308658 -0.831470 -0.461939
v -0.212607 -0.923880 -0.318189
v -0.108386 -0.980785 -0.162211
v -0.212607 0.831470 -0.513279
v -0.146447 0.923880 -0.353553
v -0.074658 0.980785 -0.180240
v -0.270598 0.707107 -0.653281
v -0.318189 0.555570 -0.768177
v -0.353553 0.382683 -0.853553
v -0.375330 0.195090 -0.906127
v -0.382683 0.000000 -0.923879
v -0.375330 -0.195090 -0.906127
v -0.353553 -0.382683 -0.853553
v -0.318189 -0.555570 -0.768177
v -0.270598 -0.707107 -0.653281
v -0.212607 -0.831470 -0.513279
v -0.146446 -0.923880 -0.353553
v -0.074658 -0.980785 -0.180240
v -0.108386 0.831470 -0.544895
v -0.074658 0.923880 -0.375330
v -0.038060 0.980785 -0.191342
v -0.137950 0.707107 -0.693519
v -0.162211 0.555570 -0.815492
v -0.180240 0.382683 -0.906127
v -0.191341 0.195090 -0.961939
v -0.195090 0.000000 -0.980784
v -0.191341 -0.195090 -0.961939
v -0.180240 -0.382683 -0.906127
v -0.162211 -0.555570 -0.815492
v -0.137950 -0.707107 -0.693519
v -0.108386 -0.831470 -0.544895
v -0.074658 -0.923880 -0.375330
v -0.038060 -0.980785 -0.191341
v 0.000000 0.195090 -0.980784
v 0.000000 -0.382683 -0.923879
v 0.000000 -0.707107 -0.707106
v 0.000000 -0.923880 -0.382683
v 0.000000 -0.980785 -0.195090
v -10.219191 1.826078 3.886287
v -5.410405 -0.495357 -9.764349
v 18.928171 -0.495357 -9.764349
v 27.046883 4.896613 3.886287
v 20.657047 45.998516 18.857311
v -7.139281 45.998516 18.857311
v 20.657047 51.857185 -38.367401
v -7.139281 51.857185 -38.367401
f 5 3 1
f 9 14 15
f 508 19 10
f 2 8 6
f 509 19 510
f 23 9 15
f 508 9 507
f 10 20 14
f 8 20 6
f 507 17 509
f 2 20 23
f 4 23 15
f 4 14 8
f 25 36 26
f 20 22 23
f 17 22 16
f 21 19 18
f 19 16 18
f 18 22 21
f 30 44 501
f 498 38 27
f 501 45 502
f 241 502 45
f 499 41 29
f 24 35 25
f 11 34 24
f 498 36 37
f 12 31 11
f 29 42 500
f 28 40 499
f 27 39 28
f 13 32 12
f 500 43 30
f 13 350 33
f 41 55 56
f 43 57 58
f 36 52 37
f 44 58 59
f 40 54 55
f 44 60 45
f 32 48 47
f 34 50 35
f 241 45 60
f 38 54 39
f 31 49 34
f 35 51 36
f 42 56 57
f 32 46 31
f 37 53 38
f 33 350 48
f 53 69 54
f 46 64 49
f 50 66 51
f 57 71 72
f 47 61 46
f 52 68 53
f 48 350 63
f 56 70 71
f 57 73 58
f 52 66 67
f 58 74 59
f 54 70 55
f 60 74 75
f 48 62 47
f 49 65 50
f 241 60 75
f 72 88 73
f 66 82 67
f 74 88 89
f 69 85 70
f 75 89 90
f 63 77 62
f 64 80 65
f 241 75 90
f 68 84 69
f 61 79 64
f 65 81 66
f 72 86 87
f 61 77 76
f 68 82 83
f 63 350 78
f 71 85 86
f 80 96 81
f 86 102 87
f 77 91 76
f 83 97 98
f 78 350 93
f 86 100 101
f 87 103 88
f 82 96 97
f 88 104 89
f 84 100 85
f 89 105 90
f 78 92 77
f 79 95 80
f 241 90 105
f 83 99 84
f 76 94 79
f 103 119 104
f 99 115 100
f 104 120 105
f 93 107 92
f 94 110 95
f 241 105 120
f 98 114 99
f 91 109 94
f 95 111 96
f 102 116 117
f 92 106 91
f 97 113 98
f 93 350 108
f 101 115 116
f 102 118 103
f 97 111 112
f 116 132 117
f 107 121 106
f 112 128 113
f 108 350 123
f 116 130 131
f 118 132 133
f 112 126 127
f 118 134 119
f 114 130 115
f 120 134 135
f 108 122 107
f 109 125 110
f 241 120 135
f 114 128 129
f 106 124 109
f 110 126 111
f 129 145 130
f 134 150 135
f 123 137 122
f 124 140 125
f 241 135 150
f 129 143 144
f 121 139 124
f 125 141 126
f 131 147 132
f 122 136 121
f 127 143 128
f 123 350 138
f 131 145 146
f 133 147 148
f 127 141 142
f 133 149 134
f 137 151 136
f 143 157 158
f 138 350 153
f 146 160 161
f 148 162 163
f 142 156 157
f 148 164 149
f 144 160 145
f 150 164 165
f 138 152 137
f 139 155 140
f 241 150 165
f 143 159 144
f 136 154 139
f 140 156 141
f 147 161 162
f 164 180 165
f 153 167 152
f 154 170 155
f 241 165 180
f 159 173 174
f 151 169 154
f 155 171 156
f 161 177 162
f 152 166 151
f 157 173 158
f 153 350 168
f 161 175 176
f 162 178 163
f 157 171 172
f 164 178 179
f 159 175 160
f 172 188 173
f 168 350 183
f 176 190 191
f 178 192 193
f 172 186 187
f 178 194 179
f 174 190 175
f 179 195 180
f 168 182 167
f 170 184 185
f 241 180 195
f 174 188 189
f 166 184 169
f 170 186 171
f 176 192 177
f 167 181 166
f 183 197 182
f 185 199 200
f 241 195 210
f 189 203 204
f 181 199 184
f 185 201 186
f 191 207 192
f 182 196 181
f 187 203 188
f 183 350 198
f 191 205 206
f 193 207 208
f 187 201 202
f 194 208 209
f 189 205 190
f 195 209 210
f 198 350 213
f 206 220 221
f 207 223 208
f 202 216 217
f 209 223 224
f 204 220 205
f 210 224 225
f 198 212 197
f 200 214 215
f 241 210 225
f 203 219 204
f 199 211 214
f 200 216 201
f 206 222 207
f 197 211 196
f 202 218 203
f 241 225 240
f 218 234 219
f 211 229 214
f 215 231 216
f 222 236 237
f 211 227 226
f 217 233 218
f 213 350 228
f 221 235 236
f 223 237 238
f 217 231 232
f 224 238 239
f 219 235 220
f 225 239 240
f 213 227 212
f 214 230 215
f 237 254 238
f 232 247 248
f 238 255 239
f 234 251 235
f 239 256 240
f 228 243 227
f 229 246 230
f 241 240 256
f 233 250 234
f 229 242 245
f 230 247 231
f 237 252 253
f 226 243 242
f 232 249 233
f 228 350 244
f 236 251 252
f 242 260 245
f 246 262 247
f 253 267 268
f 243 257 242
f 249 263 264
f 244 350 259
f 252 266 267
f 254 268 269
f 248 262 263
f 255 269 270
f 250 266 251
f 256 270 271
f 244 258 243
f 245 261 246
f 241 256 271
f 249 265 250
f 263 277 278
f 269 285 270
f 265 281 266
f 271 285 286
f 259 273 258
f 261 275 276
f 241 271 286
f 264 280 265
f 260 272 275
f 261 277 262
f 267 283 268
f 258 272 257
f 264 278 279
f 259 350 274
f 267 281 282
f 268 284 269
f 276 292 277
f 282 298 283
f 273 287 272
f 278 294 279
f 274 350 289
f 282 296 297
f 283 299 284
f 278 292 293
f 284 300 285
f 280 296 281
f 285 301 286
f 274 288 273
f 276 290 291
f 241 286 301
f 279 295 280
f 275 287 290
f 300 314 315
f 295 311 296
f 300 316 301
f 289 303 288
f 291 305 306
f 241 301 316
f 294 310 295
f 287 305 290
f 291 307 292
f 297 313 298
f 288 302 287
f 294 308 309
f 289 350 304
f 297 311 312
f 298 314 299
f 293 307 308
f 312 328 313
f 303 317 302
f 309 323 324
f 304 350 319
f 312 326 327
f 314 328 329
f 308 322 323
f 315 329 330
f 310 326 311
f 315 331 316
f 304 318 303
f 305 321 306
f 241 316 331
f 309 325 310
f 302 320 305
f 306 322 307
f 325 341 326
f 330 346 331
f 318 334 333
f 321 335 336
f 241 331 346
f 324 340 325
f 320 332 335
f 321 337 322
f 327 343 328
f 318 332 317
f 324 338 339
f 319 350 334
f 327 341 342
f 328 344 329
f 323 337 338
f 330 344 345
f 333 347 332
f 338 355 339
f 334 350 349
f 342 357 358
f 343 360 344
f 338 353 354
f 345 360 361
f 340 357 341
f 346 361 362
f 334 348 333
f 336 351 352
f 241 346 362
f 339 356 340
f 335 347 351
f 336 353 337
f 342 359 343
f 361 377 362
f 349 364 348
f 351 367 352
f 241 362 377
f 355 371 356
f 351 363 366
f 352 368 353
f 358 374 359
f 348 363 347
f 354 370 355
f 349 350 365
f 358 372 373
f 359 375 360
f 354 368 369
f 360 376 361
f 356 372 357
f 365 350 380
f 373 387 388
f 374 390 375
f 369 383 384
f 376 390 391
f 371 387 372
f 377 391 392
f 365 379 364
f 366 382 367
f 241 377 392
f 370 386 371
f 363 381 366
f 367 383 368
f 373 389 374
f 364 378 363
f 369 385 370
f 381 397 382
f 241 392 407
f 386 400 401
f 381 393 396
f 382 398 383
f 389 403 404
f 378 394 393
f 384 400 385
f 380 350 395
f 388 402 403
f 389 405 390
f 384 398 399
f 390 406 391
f 386 402 387
f 391 407 392
f 379 395 394
f 403 417 418
f 404 420 405
f 399 413 414
f 406 420 421
f 401 417 402
f 406 422 407
f 395 409 394
f 396 412 397
f 241 407 422
f 401 415 416
f 396 408 411
f 397 413 398
f 403 419 404
f 393 409 408
f 399 415 400
f 395 350 410
f 415 431 416
f 411 423 426
f 412 428 413
f 418 434 419
f 409 423 408
f 414 430 415
f 410 350 425
f 418 432 433
f 419 435 420
f 414 428 429
f 420 436 421
f 416 432 417
f 422 436 437
f 410 424 409
f 411 427 412
f 241 422 437
f 434 450 435
f 429 443 444
f 435 451 436
f 431 447 432
f 436 452 437
f 425 439 424
f 427 441 442
f 241 437 452
f 430 446 431
f 423 441 426
f 427 443 428
f 433 449 434
f 424 438 423
f 430 444 445
f 425 350 440
f 433 447 448
f 441 453 456
f 442 458 443
f 448 464 449
f 439 453 438
f 444 460 445
f 440 350 455
f 448 462 463
f 450 464 465
f 444 458 459
f 450 466 451
f 446 462 447
f 451 467 452
f 439 455 454
f 442 456 457
f 241 452 467
f 445 461 446
f 459 473 474
f 466 480 481
f 461 477 462
f 466 482 467
f 455 469 454
f 457 471 472
f 241 467 482
f 460 476 461
f 453 471 456
f 457 473 458
f 463 479 464
f 454 468 453
f 459 475 460
f 455 350 470
f 463 477 478
f 464 480 465
f 472 488 473
f 478 494 479
f 469 483 468
f 474 490 475
f 470 350 485
f 478 492 493
f 479 495 480
f 474 488 489
f 480 496 481
f 476 492 477
f 481 497 482
f 470 484 469
f 472 486 487
f 241 482 497
f 475 491 476
f 471 483 486
f 495 501 496
f 491 499 492
f 496 502 497
f 484 13 12
f 487 24 25
f 241 497 502
f 490 28 491
f 486 11 24
f 488 25 26
f 493 500 494
f 483 12 11
f 489 27 490
f 485 350 13
f 492 29 493
f 494 30 495
f 489 26 498
f 7 507 3
f 3 509 1
f 5 508 7
f 1 510 5
f 5 7 3
f 9 10 14
f 508 510 19
f 2 4 8
f 509 17 19
f 23 17 9
f 508 10 9
f 10 19 20
f 8 14 20
f 507 9 17
f 2 6 20
f 4 2 23
f 4 15 14
f 25 35 36
f 20 21 22
f 17 23 22
f 21 20 19
f 19 17 16
f 18 16 22
f 30 43 44
f 498 37 38
f 501 44 45
f 499 40 41
f 24 34 35
f 11 31 34
f 498 26 36
f 12 32 31
f 29 41 42
f 28 39 40
f 27 38 39
f 13 33 32
f 500 42 43
f 41 40 55
f 43 42 57
f 36 51 52
f 44 43 58
f 40 39 54
f 44 59 60
f 32 33 48
f 34 49 50
f 38 53 54
f 31 46 49
f 35 50 51
f 42 41 56
f 32 47 46
f 37 52 53
f 53 68 69
f 46 61 64
f 50 65 66
f 57 56 71
f 47 62 61
f 52 67 68
f 56 55 70
f 57 72 73
f 52 51 66
f 58 73 74
f 54 69 70
f 60 59 74
f 48 63 62
f 49 64 65
f 72 87 88
f 66 81 82
f 74 73 88
f 69 84 85
f 75 74 89
f 63 78 77
f 64 79 80
f 68 83 84
f 61 76 79
f 65 80 81
f 72 71 86
f 61 62 77
f 68 67 82
f 71 70 85
f 80 95 96
f 86 101 102
f 77 92 91
f 83 82 97
f 86 85 100
f 87 102 103
f 82 81 96
f 88 103 104
f 84 99 100
f 89 104 105
f 78 93 92
f 79 94 95
f 83 98 99
f 76 91 94
f 103 118 119
f 99 114 115
f 104 119 120
f 93 108 107
f 94 109 110
f 98 113 114
f 91 106 109
f 95 110 111
f 102 101 116
f 92 107 106
f 97 112 113
f 101 100 115
f 102 117 118
f 97 96 111
f 116 131 132
f 107 122 121
f 112 127 128
f 116 115 130
f 118 117 132
f 112 111 126
f 118 133 134
f 114 129 130
f 120 119 134
f 108 123 122
f 109 124 125
f 114 113 128
f 106 121 124
f 110 125 126
f 129 144 145
f 134 149 150
f 123 138 137
f 124 139 140
f 129 128 143
f 121 136 139
f 125 140 141
f 131 146 147
f 122 137 136
f 127 142 143
f 131 130 145
f 133 132 147
f 127 126 141
f 133 148 149
f 137 152 151
f 143 142 157
f 146 145 160
f 148 147 162
f 142 141 156
f 148 163 164
f 144 159 160
f 150 149 164
f 138 153 152
f 139 154 155
f 143 158 159
f 136 151 154
f 140 155 156
f 147 146 161
f 164 179 180
f 153 168 167
f 154 169 170
f 159 158 173
f 151 166 169
f 155 170 171
f 161 176 177
f 152 167 166
f 157 172 173
f 161 160 175
f 162 177 178
f 157 156 171
f 164 163 178
f 159 174 175
f 172 187 188
f 176 175 190
f 178 177 192
f 172 171 186
f 178 193 194
f 174 189 190
f 179 194 195
f 168 183 182
f 170 169 184
f 174 173 188
f 166 181 184
f 170 185 186
f 176 191 192
f 167 182 181
f 183 198 197
f 185 184 199
f 189 188 203
f 181 196 199
f 185 200 201
f 191 206 207
f 182 197 196
f 187 202 203
f 191 190 205
f 193 192 207
f 187 186 201
f 194 193 208
f 189 204 205
f 195 194 209
f 206 205 220
f 207 222 223
f 202 201 216
f 209 208 223
f 204 219 220
f 210 209 224
f 198 213 212
f 200 199 214
f 203 218 219
f 199 196 211
f 200 215 216
f 206 221 222
f 197 212 211
f 202 217 218
f 218 233 234
f 211 226 229
f 215 230 231
f 222 221 236
f 211 212 227
f 217 232 233
f 221 220 235
f 223 222 237
f 217 216 231
f 224 223 238
f 219 234 235
f 225 224 239
f 213 228 227
f 214 229 230
f 237 253 254
f 232 231 247
f 238 254 255
f 234 250 251
f 239 255 256
f 228 244 243
f 229 245 246
f 233 249 250
f 229 226 242
f 230 246 247
f 237 236 252
f 226 227 243
f 232 248 249
f 236 235 251
f 242 257 260
f 246 261 262
f 253 252 267
f 243 258 257
f 249 248 263
f 252 251 266
f 254 253 268
f 248 247 262
f 255 254 269
f 250 265 266
f 256 255 270
f 244 259 258
f 245 260 261
f 249 264 265
f 263 262 277
f 269 284 285
f 265 280 281
f 271 270 285
f 259 274 273
f 261 260 275
f 264 279 280
f 260 257 272
f 261 276 277
f 267 282 283
f 258 273 272
f 264 263 278
f 267 266 281
f 268 283 284
f 276 291 292
f 282 297 298
f 273 288 287
f 278 293 294
f 282 281 296
f 283 298 299
f 278 277 292
f 284 299 300
f 280 295 296
f 285 300 301
f 274 289 288
f 276 275 290
f 279 294 295
f 275 272 287
f 300 299 314
f 295 310 311
f 300 315 316
f 289 304 303
f 291 290 305
f 294 309 310
f 287 302 305
f 291 306 307
f 297 312 313
f 288 303 302
f 294 293 308
f 297 296 311
f 298 313 314
f 293 292 307
f 312 327 328
f 303 318 317
f 309 308 323
f 312 311 326
f 314 313 328
f 308 307 322
f 315 314 329
f 310 325 326
f 315 330 331
f 304 319 318
f 305 320 321
f 309 324 325
f 302 317 320
f 306 321 322
f 325 340 341
f 330 345 346
f 318 319 334
f 321 320 335
f 324 339 340
f 320 317 332
f 321 336 337
f 327 342 343
f 318 333 332
f 324 323 338
f 327 326 341
f 328 343 344
f 323 322 337
f 330 329 344
f 333 348 347
f 338 354 355
f 342 341 357
f 343 359 360
f 338 337 353
f 345 344 360
f 340 356 357
f 346 345 361
f 334 349 348
f 336 335 351
f 339 355 356
f 335 332 347
f 336 352 353
f 342 358 359
f 361 376 377
f 349 365 364
f 351 366 367
f 355 370 371
f 351 347 363
f 352 367 368
f 358 373 374
f 348 364 363
f 354 369 370
f 358 357 372
f 359 374 375
f 354 353 368
f 360 375 376
f 356 371 372
f 373 372 387
f 374 389 390
f 369 368 383
f 376 375 390
f 371 386 387
f 377 376 391
f 365 380 379
f 366 381 382
f 370 385 386
f 363 378 381
f 367 382 383
f 373 388 389
f 364 379 378
f 369 384 385
f 381 396 397
f 386 385 400
f 381 378 393
f 382 397 398
f 389 388 403
f 378 379 394
f 384 399 400
f 388 387 402
f 389 404 405
f 384 383 398
f 390 405 406
f 386 401 402
f 391 406 407
f 379 380 395
f 403 402 417
f 404 419 420
f 399 398 413
f 406 405 420
f 401 416 417
f 406 421 422
f 395 410 409
f 396 411 412
f 401 400 415
f 396 393 408
f 397 412 413
f 403 418 419
f 393 394 409
f 399 414 415
f 415 430 431
f 411 408 423
f 412 427 428
f 418 433 434
f 409 424 423
f 414 429 430
f 418 417 432
f 419 434 435
f 414 413 428
f 420 435 436
f 416 431 432
f 422 421 436
f 410 425 424
f 411 426 427
f 434 449 450
f 429 428 443
f 435 450 451
f 431 446 447
f 436 451 452
f 425 440 439
f 427 426 441
f 430 445 446
f 423 438 441
f 427 442 443
f 433 448 449
f 424 439 438
f 430 429 444
f 433 432 447
f 441 438 453
f 442 457 458
f 448 463 464
f 439 454 453
f 444 459 460
f 448 447 462
f 450 449 464
f 444 443 458
f 450 465 466
f 446 461 462
f 451 466 467
f 439 440 455
f 442 441 456
f 445 460 461
f 459 458 473
f 466 465 480
f 461 476 477
f 466 481 482
f 455 470 469
f 457 456 471
f 460 475 476
f 453 468 471
f 457 472 473
f 463 478 479
f 454 469 468
f 459 474 475
f 463 462 477
f 464 479 480
f 472 487 488
f 478 493 494
f 469 484 483
f 474 489 490
f 478 477 492
f 479 494 495
f 474 473 488
f 480 495 496
f 476 491 492
f 481 496 497
f 470 485 484
f 472 471 486
f 475 490 491
f 471 468 483
f 495 30 501
f 491 28 499
f 496 501 502
f 484 485 13
f 487 486 24
f 490 27 28
f 486 483 11
f 488 487 25
f 493 29 500
f 483 484 12
f 489 498 27
f 492 499 29
f 494 500 30
f 489 488 26
f 7 508 507
f 3 507 509
f 5 510 508
f 1 509 510